-1.100000000000000000e+01
-1.100000000000000000e+01
-1.100000000000000000e+01
-1.100000000000000000e+01
-1.100000000000000000e+01
-1.040909090909090828e+01
-1.100000000000000000e+01
-9.000000000000000000e+00
-9.681818181818181657e+00
-1.100000000000000000e+01
-1.100000000000000000e+01
-1.100000000000000000e+01
-1.100000000000000000e+01
-1.100000000000000000e+01
-1.100000000000000000e+01
-1.100000000000000000e+01
-1.100000000000000000e+01
-1.100000000000000000e+01
-9.772727272727273373e+00
-9.750000000000000000e+00
-9.590909090909091717e+00
-1.040909090909090828e+01
-1.060869565217391219e+01
-1.040909090909090828e+01
-1.100000000000000000e+01
-9.954545454545455030e+00
-9.826086956521738358e+00
-1.100000000000000000e+01
-8.679999999999999716e+00
-1.052173913043478315e+01
-7.583333333333333037e+00
-1.008695652173913082e+01
-7.730769230769230838e+00
-1.100000000000000000e+01
-1.113636363636363669e+01
-9.333333333333333925e+00
-1.034782608695652151e+01
-1.100000000000000000e+01
-8.653846153846153300e+00
-1.050000000000000000e+01
-7.423076923076923350e+00
-9.652173913043478493e+00
-1.100000000000000000e+01
-9.913043478260869179e+00
-6.519999999999999574e+00
-1.113636363636363669e+01
-8.039999999999999147e+00
-9.800000000000000711e+00
-1.068181818181818166e+01
-1.100000000000000000e+01
-1.059090909090909172e+01
-8.086956521739130821e+00
-1.060869565217391219e+01
-1.034782608695652151e+01
-1.122727272727272663e+01
-9.333333333333333925e+00
-1.033333333333333393e+01
-1.027999999999999936e+01
-6.280000000000000249e+00
-7.115384615384614975e+00
-9.653846153846153300e+00
-7.481481481481481843e+00
-8.919999999999999929e+00
-7.559999999999999609e+00
-1.095454545454545503e+01
-7.259259259259259522e+00
-8.000000000000000000e+00
-5.099999999999999645e+00
-9.714285714285713524e+00
-1.139130434782608781e+01
-4.592592592592592560e+00
-1.019999999999999929e+01
-8.740740740740740478e+00
-4.966666666666666785e+00
-2.062500000000000000e+00
-9.423076923076923350e+00
-6.730769230769230838e+00
-5.259259259259259522e+00
-5.896551724137930606e+00
-7.187500000000000000e+00
-6.103448275862069394e+00
-7.642857142857143238e+00
-3.666666666666666519e+00
-5.735294117647058876e+00
-6.633333333333333748e+00
-6.500000000000000000e+00
-2.939393939393939448e+00
-6.838709677419354982e+00
-3.921052631578947345e+00
-7.068965517241379004e+00
-8.444444444444444642e+00
-6.172413793103448398e+00
-3.966666666666666785e+00
-3.944444444444444642e+00
-2.457142857142857295e+00
-1.282051282051282159e+00
-6.214285714285714413e+00
-1.146341463414634054e+00
-1.852941176470588314e+00
-3.323529411764706065e+00
-2.222222222222222099e-01
-7.033333333333333215e+00
-2.611111111111111160e+00
-9.705882352941176405e-01
-4.818181818181818343e+00
-2.799999999999999822e+00
-4.264705882352941124e+00
8.157894736842105088e-01
-4.750000000000000000e+00
-2.268292682926829062e+00
-7.285714285714285587e+00
-6.617647058823528994e+00
-3.935483870967741993e+00
-2.102564102564102644e+00
1.100000000000000089e+00
3.441176470588235503e+00
5.000000000000000278e-02
-3.149999999999999911e+00
-2.184210526315789380e+00
-6.062500000000000000e+00
-3.888888888888888951e-01
-3.166666666666666519e+00
3.000000000000000000e+00
-1.589743589743589647e+00
-4.102564102564102422e-01
3.589743589743589758e-01
4.500000000000000111e-01
-4.114285714285713880e+00
-5.257142857142857117e+00
-5.771428571428571352e+00
5.714285714285714413e+00
-1.500000000000000000e+00
9.024390243902439268e-01
1.000000000000000056e-01
-8.378378378378378288e-01
5.162162162162162282e+00
-1.026923076923077005e+01
3.444444444444444642e+00
2.317073170731707155e+00
-8.857142857142857650e+00
7.935483870967741993e+00
2.166666666666666519e+00
4.030303030303030276e+00
-1.257142857142857117e+00
1.199999999999999956e+00
1.394736842105263053e+00
-3.812500000000000000e+00
-1.166666666666666741e+00
-1.447368421052631637e+00
-1.486486486486486402e+00
-7.777777777777777901e-01
-2.222222222222222321e+00
-1.634146341463414531e+00
-1.794871794871794934e+00
1.050000000000000044e+00
2.195121951219512202e-01
2.894736842105263275e-01
1.236842105263157965e+00
-2.857142857142857206e+00
-5.666666666666666963e+00
1.605263157894736947e+00
-1.550000000000000044e+00
2.815789473684210620e+00
9.024390243902439268e-01
3.771428571428571352e+00
-1.333333333333333259e+00
3.435897435897435681e+00
5.290322580645161032e+00
-1.611111111111111160e+00
5.147058823529412130e+00
5.363636363636363313e+00
-1.485714285714285765e+00
4.170731707317073322e+00
7.500000000000000000e-01
-2.368421052631578816e-01
-2.170731707317073322e+00
-2.515151515151515138e+00
-2.676470588235293935e+00
-5.230769230769230838e+00
4.387096774193548043e+00
-7.317073170731706877e-02
2.615384615384615419e+00
-6.777777777777777679e+00
-2.222222222222222099e-01
-2.195121951219512202e-01
-5.484848484848484418e+00
-1.199999999999999956e+00
-6.342857142857142527e+00
3.589743589743589758e-01
1.315789473684210453e-01
-2.454545454545454586e+00
-1.692307692307692291e+00
7.225806451612903025e+00
4.615384615384615641e-01
2.868421052631578760e+00
-2.564102564102564319e+00
-2.702702702702702853e-02
-1.486486486486486402e+00
1.292682926829268331e+00
-1.634146341463414531e+00
6.517241379310345195e+00
-1.222222222222222321e+00
-3.562500000000000000e+00
-1.589743589743589647e+00
-4.099999999999999645e+00
-6.264705882352941124e+00
-5.222222222222222321e+00
1.000000000000000056e-01
-1.692307692307692291e+00
-6.216216216216216006e-01
3.969696969696969724e+00
2.700000000000000178e+00
1.550000000000000044e+00
-5.999999999999999778e-01
3.658536585365853577e-01
-9.230769230769231282e-01
-6.153846153846154188e-01
-2.000000000000000000e+00
-4.666666666666666963e+00
-2.081081081081081141e+00
-2.000000000000000000e+00
-3.270270270270270174e+00
-2.444444444444444642e+00
-7.481481481481481843e+00
-4.323529411764705621e+00
-1.970588235294117752e+00
-4.617647058823528994e+00
7.692307692307692735e-01
-1.055555555555555580e+00
1.864864864864864913e+00
-3.487179487179487225e+00
-4.500000000000000111e-01
-3.875000000000000000e+00
-5.333333333333333037e+00
-5.419354838709677047e+00
2.195121951219512202e-01
-2.682926829268292845e-01
-2.184210526315789380e+00
1.944444444444444420e+00
3.634146341463414753e+00
-5.827586206896551602e+00
-4.382352941176471006e+00
-1.948717948717948678e+00
1.131578947368421018e+00
4.410256410256410575e+00
-3.025641025641025550e+00
-6.857142857142856762e+00
5.999999999999999778e-01
4.272727272727272485e+00
-2.200000000000000178e+00
3.552631578947368585e+00
5.562500000000000000e+00
-2.166666666666666519e+00
4.400000000000000355e+00
1.942857142857142838e+00
-3.888888888888888840e+00
3.771428571428571352e+00
-3.200000000000000178e+00
8.000000000000000000e+00
-2.971428571428571530e+00
-1.600000000000000089e+00
3.333333333333333481e+00
-3.000000000000000000e+00
-8.000000000000000444e-01
2.151515151515151381e+00
-7.187500000000000000e+00
-1.875000000000000000e+00
-1.384615384615384581e+00
1.447368421052631637e+00
-1.441176470588235281e+00
-2.285714285714285587e+00
-2.250000000000000000e+00
-2.049999999999999822e+00
-1.314285714285714279e+00
2.649999999999999911e+00
-5.000000000000000000e+00
-1.128205128205128194e+00
-4.088235294117646745e+00
-4.567567567567567544e+00
-4.735294117647058876e+00
-4.875000000000000000e+00
-6.437500000000000000e+00
-1.771428571428571352e+00
-3.435897435897435681e+00
-7.928571428571428825e+00
6.216216216216216006e-01
-4.285714285714285587e+00
-7.407407407407407440e+00
-6.966666666666666785e+00
-8.451612903225806051e+00
1.550000000000000044e+00
-4.081081081081080697e+00
-2.323529411764706065e+00
-2.250000000000000000e+00
-4.444444444444444198e-01
-8.103448275862069394e+00
-2.250000000000000000e+00
-4.687500000000000000e+00
-6.285714285714285587e-01
-1.371428571428571441e+00
-1.300000000000000044e+00
-2.000000000000000111e-01
7.562500000000000000e+00
-3.243902439024390461e+00
-5.121212121212121104e+00
-2.297297297297297369e+00
3.714285714285714413e+00
-1.500000000000000000e+00
-7.000000000000000000e+00
-3.658536585365853577e-01
-2.000000000000000000e+00
2.228571428571428648e+00
2.153846153846153744e+00
-5.166666666666666963e+00
-2.757575757575757791e+00
4.944444444444444642e+00
8.048780487804878536e-01
-3.435897435897435681e+00
-5.162162162162162282e+00
-4.264705882352941124e+00
-4.236842105263157521e+00
3.421052631578947456e-01
-1.500000000000000000e+00
6.500000000000000222e-01
1.399999999999999911e+00
-5.641025641025640969e-01
-2.405405405405405261e+00
2.187500000000000000e+00
3.025641025641025550e+00
4.783783783783784216e+00
-3.000000000000000000e+00
-5.437500000000000000e+00
-4.219512195121951414e+00
-3.499999999999999778e-01
-8.048780487804878536e-01
-4.891891891891892108e+00
-1.195121951219512146e+00
-1.243902439024390238e+00
1.025641025641025605e-01
1.815789473684210620e+00
-2.717948717948718063e+00
-3.162162162162162282e+00
1.439024390243902385e+00
-4.900000000000000355e+00
3.486486486486486402e+00
2.147058823529411686e+00
-1.794117647058823595e+00
-2.756097560975609539e+00
-4.102564102564102422e-01
-1.314285714285714279e+00
-1.731707317073170715e+00
-6.052631578947368363e-01
-5.609756097560976151e-01
2.911764705882352811e+00
1.179487179487179516e+00
4.323529411764705621e+00
4.342857142857142527e+00
-4.634146341463414864e-01
4.750000000000000000e+00
2.051282051282051100e+00
1.682926829268292623e+00
4.317073170731707599e+00
-2.902439024390243816e+00
-5.128205128205128027e-02
3.444444444444444642e+00
-3.055555555555555358e+00
-1.292682926829268331e+00
-5.312500000000000000e+00
5.000000000000000000e-01
5.555555555555555247e-02
-1.270270270270270174e+00
2.666666666666666519e+00
1.236842105263157965e+00
6.172413793103448398e+00
1.727272727272727293e+00
-4.500000000000000111e-01
2.000000000000000000e+00
1.371428571428571441e+00
6.129032258064516014e+00
3.935483870967741993e+00
5.542857142857142705e+00
3.388888888888888840e+00
2.783783783783783772e+00
-3.230769230769230838e+00
3.935483870967741993e+00
1.878048780487804770e+00
-2.463414634146341431e+00
5.128205128205127750e-01
-5.142857142857142350e-01
-6.078947368421052211e+00
-2.513513513513513598e+00
-7.073170731707316694e-01
2.666666666666666519e+00
-5.289473684210526550e+00
4.967741935483870996e+00
-1.341463414634146423e+00
-2.777777777777777679e+00
-4.146341463414633943e-01
-1.850000000000000089e+00
-8.000000000000000444e-01
-1.449999999999999956e+00
3.848484848484848619e+00
4.333333333333333037e+00
-7.073170731707316694e-01
-3.499999999999999778e-01
-2.081081081081081141e+00
-5.999999999999999778e-01
2.799999999999999822e+00
3.060606060606060552e+00
1.292682926829268331e+00
6.099999999999999645e+00
7.357142857142856762e+00
3.000000000000000000e+00
2.615384615384615419e+00
2.939393939393939448e+00
-1.605263157894736947e+00
4.030303030303030276e+00
0.000000000000000000e+00
3.344827586206896353e+00
9.000000000000000222e-01
6.189189189189189477e+00
7.062500000000000000e+00
8.000000000000000444e-01
2.735294117647058876e+00
-2.853658536585365724e+00
-2.297297297297297369e+00
-1.763157894736842035e+00
-1.054054054054053946e+00
3.657142857142857029e+00
3.909090909090909172e+00
2.073170731707317138e+00
-7.297297297297297147e-01
4.729729729729729826e+00
3.833333333333333481e+00
-1.350000000000000089e+00
8.684210526315789824e-01
9.642857142857142350e+00
1.303030303030302983e+00
3.000000000000000000e+00
1.878048780487804770e+00
-5.128205128205128638e+00
5.545454545454545858e+00
3.969696969696969724e+00
8.642857142857142350e+00
3.435897435897435681e+00
2.500000000000000000e+00
3.166666666666666519e+00
-9.925925925925925597e+00
-4.676470588235294379e+00
-7.548387096774193949e+00
-5.833333333333333037e+00
2.461538461538461675e+00
-1.162162162162162060e+00
-1.351351351351351426e-01
-6.687500000000000000e+00
1.054054054054053946e+00
-8.717948717948718063e-01
3.899999999999999911e+00
-1.315789473684210453e-01
1.585365853658536661e+00
3.375000000000000000e+00
-5.000000000000000000e-01
3.200000000000000178e+00
-1.216216216216216228e+00
1.146341463414634054e+00
2.051282051282051211e-01
3.852941176470588314e+00
-1.341463414634146423e+00
1.300000000000000044e+00
-6.187500000000000000e+00
3.382352941176470562e+00
3.236842105263157965e+00
3.806451612903225978e+00
-1.722222222222222321e+00
1.842105263157894635e-01
8.048780487804878536e-01
7.758620689655172598e+00
-1.777777777777777679e+00
0.000000000000000000e+00
-3.187500000000000000e+00
3.333333333333333481e+00
-2.026315789473684070e+00
1.710526315789473673e+00
4.625000000000000000e+00
-2.219512195121951414e+00
-5.625000000000000000e+00
7.620689655172413701e+00
1.842105263157894635e-01
2.794117647058823373e+00
1.756756756756756799e+00
4.735294117647058876e+00
4.636363636363636687e+00
-1.341463414634146423e+00
5.676470588235294379e+00
4.937500000000000000e+00
-4.111111111111110716e+00
4.000000000000000000e+00
-5.433333333333333570e+00
-3.147058823529411686e+00
1.888888888888888840e+00
1.142857142857142794e+00
2.500000000000000000e-01
7.548387096774193949e+00
3.314285714285714501e+00
1.944444444444444420e+00
2.222222222222222321e+00
-3.179487179487179294e+00
-6.097560975609755962e-01
3.444444444444444642e+00
4.500000000000000000e+00
5.833333333333333037e+00
1.000000000000000056e-01
2.837837837837837718e+00
1.731707317073170715e+00
4.000000000000000000e+00
8.151515151515152269e+00
3.487804878048780477e+00
6.617647058823528994e+00
-1.899999999999999911e+00
-1.250000000000000000e+00
3.605263157894736725e+00
2.285714285714285587e+00
3.969696969696969724e+00
4.799999999999999822e+00
-1.382352941176470562e+00
-3.918918918918918859e+00
2.799999999999999822e+00
-2.195121951219512202e-01
-5.128205128205127750e-01
-2.560975609756097615e+00
-1.439024390243902385e+00
2.729729729729729826e+00
5.147058823529412130e+00
4.945945945945945610e+00
-7.179487179487179516e-01
-2.682926829268292845e-01
5.500000000000000444e-01
-3.371428571428571441e+00
-7.317073170731706877e-02
-6.500000000000000222e-01
-6.064516129032258007e+00
-5.500000000000000000e+00
-2.562500000000000000e+00
-1.763157894736842035e+00
3.513513513513513709e-01
6.310344827586207295e+00
-4.450000000000000178e+00
2.000000000000000000e+00
-1.771428571428571352e+00
-2.189189189189189033e+00
2.564102564102564319e+00
-2.243243243243243423e+00
7.105263157894736725e-01
3.000000000000000000e+00
-1.657894736842105310e+00
6.617647058823528994e+00
3.648648648648648685e+00
2.500000000000000000e+00
4.057142857142856940e+00
1.648648648648648685e+00
-1.707317073170731836e-01
-2.783783783783783772e+00
3.147058823529411686e+00
-2.147058823529411686e+00
-4.804878048780487632e+00
-3.170731707317073211e-01
7.073170731707316694e-01
1.682926829268292623e+00
2.297297297297297369e+00
8.679999999999999716e+00
-3.444444444444444642e+00
-4.675675675675675436e+00
1.264705882352941124e+00
-3.589743589743589758e-01
3.935483870967741993e+00
7.317073170731706877e-02
4.457142857142857295e+00
-6.999999999999999556e-01
3.687500000000000000e+00
-5.314285714285714057e+00
3.538461538461538325e+00
-2.342857142857142971e+00
-1.897435897435897356e+00
-9.230769230769231282e-01
2.000000000000000111e-01
-3.620689655172413701e+00
-4.000000000000000222e-01
5.625000000000000000e+00
-9.000000000000000222e-01
1.611111111111111160e+00
3.264705882352941124e+00
2.049999999999999822e+00
-8.142857142857142350e+00
-3.589743589743589758e-01
7.317073170731706877e-02
-5.848484848484848619e+00
4.388888888888889284e+00
5.666666666666666963e+00
8.918918918918918859e-01
-4.388888888888889284e+00
-1.828571428571428514e+00
4.256410256410256387e+00
1.921052631578947345e+00
1.949999999999999956e+00
6.375000000000000000e+00
8.518518518518519045e+00
1.848484848484848397e+00
-3.735294117647058876e+00
2.049999999999999822e+00
2.617647058823529438e+00
7.179487179487179516e-01
-4.500000000000000111e-01
1.666666666666666741e+00
-2.414634146341463339e+00
2.268292682926829062e+00
-4.333333333333333037e+00
1.815789473684210620e+00
-4.571428571428571175e+00
-1.449999999999999956e+00
6.153846153846154188e-01
-5.787878787878788067e+00
-2.454545454545454586e+00
4.394736842105262831e+00
2.500000000000000000e+00
6.000000000000000000e+00
4.000000000000000000e+00
-4.393939393939393590e+00
3.342105263157894690e+00
-3.484848484848484862e+00
-4.000000000000000222e-01
-9.000000000000000222e-01
-5.885714285714286120e+00
3.450000000000000178e+00
-7.317073170731706877e-02
1.722222222222222321e+00
3.222222222222222321e+00
1.350000000000000089e+00
5.314285714285714057e+00
3.187500000000000000e+00
2.735294117647058876e+00
-4.735294117647058876e+00
-1.794871794871794934e+00
2.514285714285714235e+00
3.444444444444444642e+00
5.848484848484848619e+00
-2.939393939393939448e+00
-2.073170731707317138e+00
1.657894736842105310e+00
-8.536585365853658347e-01
-8.000000000000000444e-01
-5.562500000000000000e+00
2.195121951219512202e-01
6.216216216216216006e-01
-7.894736842105262720e-02
4.666666666666666963e+00
2.894736842105263275e-01
-7.073170731707316694e-01
6.666666666666666297e-01
5.225806451612903025e+00
3.815789473684210620e+00
-3.049999999999999822e+00
4.939393939393939448e+00
-7.894736842105262720e-02
-4.205882352941176627e+00
5.641025641025640969e-01
2.894736842105263275e-01
-3.700000000000000178e+00
4.814814814814814881e+00
-4.219512195121951414e+00
4.500000000000000111e-01
2.444444444444444642e+00
3.500000000000000000e+00
-2.195121951219512202e-01
3.028571428571428470e+00
2.944444444444444642e+00
-1.076923076923076872e+00
2.682926829268292845e-01
-1.131578947368421018e+00
-1.222222222222222321e+00
-2.903225806451612989e+00
1.794871794871794934e+00
-2.675675675675675880e+00
-2.891891891891892108e+00
-3.216216216216216228e+00
-3.333333333333333481e+00
-1.435897435897435903e+00
6.750000000000000000e+00
4.146341463414633943e-01
2.289473684210526105e+00
3.233333333333333393e+00
-5.702702702702702631e+00
2.437500000000000000e+00
3.049999999999999822e+00
9.230769230769231282e-01
-1.600000000000000089e+00
-7.073170731707316694e-01
7.481481481481481843e+00
3.606060606060605966e+00
1.648648648648648685e+00
-3.026315789473684070e+00
-1.600000000000000089e+00
-2.500000000000000000e-01
4.799999999999999822e+00
1.146341463414634054e+00
5.378378378378378066e+00
5.545454545454545858e+00
-7.500000000000000000e-01
1.542857142857142927e+00
1.550000000000000044e+00
6.585365853658536883e-01
-3.000000000000000000e+00
3.700000000000000178e+00
-2.657894736842105310e+00
-2.853658536585365724e+00
6.999999999999999556e-01
9.444444444444444198e-01
-2.696969696969696795e+00
5.121951219512195230e-01
1.447368421052631637e+00
2.131578947368421240e+00
1.428571428571428603e+00
-8.684210526315789824e-01
-3.100000000000000089e+00
2.615384615384615419e+00
-2.444444444444444642e+00
2.342857142857142971e+00
-1.538461538461538547e-01
5.966666666666666785e+00
7.727272727272727515e+00
4.911764705882353255e+00
3.314285714285714501e+00
-2.289473684210526105e+00
1.166666666666666741e+00
-1.780487804878048808e+00
1.222222222222222321e+00
4.633333333333333748e+00
-1.435897435897435903e+00
-5.000000000000000278e-02
4.250000000000000000e+00
4.026315789473684070e+00
2.512195121951219523e+00
-2.820512820512820706e+00
-6.566666666666666430e+00
4.441176470588235503e+00
-8.048780487804878536e-01
-2.777777777777777679e+00
5.128205128205127750e-01
1.648648648648648685e+00
8.666666666666666075e+00
-3.921052631578947345e+00
-1.146341463414634054e+00
3.486486486486486402e+00
8.884615384615385025e+00
-6.216216216216216006e-01
-7.073170731707316694e-01
-4.102564102564102422e-01
1.341463414634146423e+00
-3.131578947368421240e+00
-3.222222222222222321e+00
-7.599999999999999645e+00
3.000000000000000000e+00
3.864864864864864913e+00
9.736842105263158187e-01
4.615384615384615641e-01
-1.382352941176470562e+00
-8.730769230769229949e+00
2.777777777777777679e+00
1.371428571428571441e+00
-3.947368421052631637e-01
2.973684210526315930e+00
-3.378378378378378510e+00
4.437500000000000000e+00
1.100000000000000089e+00
-3.500000000000000000e+00
-3.777777777777777679e+00
2.102564102564102644e+00
7.807692307692307487e+00
-2.405405405405405261e+00
2.722222222222222321e+00
6.394736842105262831e+00
4.212121212121211933e+00
5.689655172413792705e+00
7.625000000000000000e+00
2.799999999999999822e+00
4.875000000000000000e+00
7.312500000000000000e+00
6.142857142857143238e+00
2.277777777777777679e+00
7.560975609756097615e-01
8.296296296296295836e+00
3.026315789473684070e+00
6.562500000000000000e+00
2.666666666666666519e+00
4.687500000000000000e+00
8.787878787878787845e-01
3.828571428571428736e+00
7.700000000000000178e+00
5.675675675675675436e-01
8.346153846153846700e+00
-2.051282051282051100e+00
-1.439024390243902385e+00
5.750000000000000000e+00
1.846153846153846256e+00
-6.171428571428571708e+00
2.444444444444444642e+00
2.277777777777777679e+00
-1.000000000000000000e+00
3.549999999999999822e+00
5.062500000000000000e+00
7.407407407407407440e+00
3.815789473684210620e+00
7.033333333333333215e+00
4.323529411764705621e+00
-6.052631578947368363e-01
-2.000000000000000000e+00
4.447368421052631859e+00
2.605263157894736725e+00
3.875000000000000000e+00
2.815789473684210620e+00
4.055555555555555358e+00
-8.205128205128204844e-01
4.685714285714285943e+00
1.634146341463414531e+00
2.894736842105263275e-01
4.103448275862069394e+00
-5.500000000000000444e-01
8.205128205128204844e-01
3.657894736842105310e+00
-3.487179487179487225e+00
8.157894736842105088e-01
6.514285714285714235e+00
-4.500000000000000000e+00
4.358974358974358587e+00
3.166666666666666519e+00
-3.166666666666666519e+00
4.812500000000000000e+00
7.222222222222222099e-01
5.121951219512195230e-01
5.935483870967741993e+00
-2.439024390243902524e-02
-2.102564102564102644e+00
2.195121951219512202e-01
-2.205882352941176627e+00
1.048780487804878092e+00
2.571428571428571619e+00
-3.026315789473684070e+00
5.909090909090909172e+00
2.891891891891892108e+00
-1.142857142857142794e+00
-7.631578947368421462e-01
-4.500000000000000111e-01
-4.812500000000000000e+00
2.236842105263157965e+00
2.051282051282051211e-01
7.428571428571428825e-01
3.270270270270270174e+00
-5.677419354838709964e+00
2.939393939393939448e+00
-3.181818181818181657e+00
8.157894736842105088e-01
-1.149999999999999911e+00
4.222222222222222321e+00
4.513513513513513153e+00
1.314285714285714279e+00
2.057142857142856940e+00
4.914285714285714590e+00
1.944444444444444420e+00
3.918918918918918859e+00
6.299999999999999822e+00
-2.049999999999999822e+00
6.034482758620689502e+00
8.157894736842105088e-01
-1.921052631578947345e+00
-2.923076923076922906e+00
2.102564102564102644e+00
-4.307692307692307487e+00
3.777777777777777679e+00
3.612903225806451513e+00
6.115384615384614975e+00
-6.153846153846154188e-01
6.857142857142857206e-01
