-2.222222222222222321e+00
-3.147058823529411686e+00
-6.655172413793103203e+00
-3.484848484848484862e+00
-4.000000000000000000e+00
-4.710526315789473450e+00
1.432432432432432456e+00
-2.026315789473684070e+00
-5.054054054054054390e+00
-2.923076923076922906e+00
3.885714285714285676e+00
8.119999999999999218e+00
1.846153846153846256e+00
2.049999999999999822e+00
4.515151515151515582e+00
1.794871794871794934e+00
4.794117647058823373e+00
-6.176470588235294379e-01
4.258064516129032029e+00
-5.675675675675675436e-01
5.677419354838709964e+00
1.111111111111111049e-01
2.564102564102563875e-01
5.290322580645161032e+00
1.731707317073170715e+00
3.242424242424242209e+00
5.161290322580645018e+00
3.097560975609756184e+00
-1.324324324324324342e+00
3.970588235294117752e+00
4.366666666666666252e+00
3.741935483870967527e+00
4.722222222222222321e+00
4.000000000000000000e+00
1.324324324324324342e+00
-9.024390243902439268e-01
4.228571428571428648e+00
3.589743589743589758e-01
-2.777777777777777679e+00
3.970588235294117752e+00
5.875000000000000000e+00
2.081081081081081141e+00
2.297297297297297369e+00
5.965517241379310498e+00
-5.833333333333333037e+00
-3.700000000000000178e+00
-1.842105263157894635e-01
1.848484848484848397e+00
-4.575757575757576134e+00
1.025641025641025550e+00
-4.634146341463414864e-01
-1.250000000000000000e+00
-3.382352941176470562e+00
8.576923076923076650e+00
9.130434782608695343e+00
-1.657894736842105310e+00
2.228571428571428648e+00
4.323529411764705621e+00
-2.000000000000000000e+00
-5.526315789473684736e-01
6.500000000000000222e-01
-2.444444444444444642e+00
-2.289473684210526105e+00
-1.131578947368421018e+00
-2.272727272727272929e+00
-7.068965517241379004e+00
-3.181818181818181657e+00
-1.699999999999999956e+00
-2.243243243243243423e+00
-2.051282051282051100e+00
1.449999999999999956e+00
-2.285714285714285587e+00
1.000000000000000056e-01
-3.428571428571428381e+00
-6.052631578947368363e-01
-4.594594594594594850e-01
7.317073170731706877e-02
-1.184210526315789380e+00
2.951219512195121908e+00
4.710526315789473450e+00
5.675675675675675436e-01
5.714285714285713969e-01
4.571428571428571175e+00
6.166666666666666963e+00
-4.393939393939393590e+00
-2.777777777777777901e-01
-2.268292682926829062e+00
4.799999999999999822e+00
3.558823529411764497e+00
-4.513513513513513153e+00
2.195121951219512202e-01
7.257142857142857117e+00
2.564102564102563875e-01
2.299999999999999822e+00
-5.375000000000000000e+00
2.549999999999999822e+00
-7.965517241379310498e+00
-1.292682926829268331e+00
-2.027027027027027195e+00
1.948717948717948678e+00
9.512195121951219079e-01
2.571428571428571619e+00
-2.189189189189189033e+00
-2.902439024390243816e+00
-5.000000000000000000e-01
3.735294117647058876e+00
3.394736842105263275e+00
-2.027027027027027195e+00
-5.000000000000000000e-01
4.944444444444444642e+00
-5.162162162162162282e+00
1.000000000000000000e+00
3.500000000000000000e+00
1.641025641025640969e+00
1.333333333333333259e+00
-5.735294117647058876e+00
-4.937500000000000000e+00
9.210526315789473450e-01
5.270270270270270174e+00
1.885714285714285676e+00
2.414634146341463339e+00
-3.341463414634146201e+00
-1.230769230769230838e+00
4.146341463414633943e-01
3.236842105263157965e+00
-7.560975609756097615e-01
4.000000000000000222e-01
3.484848484848484862e+00
2.500000000000000000e+00
-9.230769230769231282e-01
5.806451612903225978e+00
4.256410256410256387e+00
-1.131578947368421018e+00
-2.682926829268292845e-01
3.750000000000000000e+00
-6.777777777777777679e+00
1.918918918918918859e+00
2.500000000000000000e+00
-1.899999999999999911e+00
-3.777777777777777679e+00
-1.289473684210526327e+00
1.487179487179487225e+00
4.735294117647058876e+00
-1.949999999999999956e+00
3.435897435897435681e+00
-3.589743589743589758e-01
1.394736842105263053e+00
-3.499999999999999778e-01
2.351351351351351315e+00
5.633333333333333748e+00
1.342105263157894690e+00
-3.625000000000000000e+00
6.097560975609755962e-01
3.382352941176470562e+00
4.633333333333333748e+00
-4.628571428571429003e+00
-5.000000000000000000e-01
1.314285714285714279e+00
-8.333333333333333703e-01
-1.499999999999999944e-01
-7.612903225806451957e+00
5.500000000000000444e-01
-5.911764705882353255e+00
5.000000000000000000e-01
-3.055555555555555358e+00
-4.184210526315789380e+00
2.868421052631578760e+00
9.736842105263158187e-01
3.299999999999999822e+00
-3.617647058823529438e+00
3.055555555555555358e+00
1.948717948717948678e+00
-5.999999999999999778e-01
2.512820512820512775e+00
-2.410256410256410131e+00
-1.641025641025640969e+00
-2.750000000000000000e+00
1.000000000000000056e-01
-2.399999999999999911e+00
4.676470588235294379e+00
-2.051282051282051211e-01
9.512195121951219079e-01
2.850000000000000089e+00
-1.257142857142857117e+00
-3.611111111111111160e+00
3.290322580645161477e+00
-9.743589743589743390e-01
-3.594594594594594739e+00
-1.179487179487179516e+00
-3.184210526315789380e+00
5.432432432432432456e+00
1.390243902439024293e+00
-2.051282051282051100e+00
-1.648648648648648685e+00
-2.631578947368420907e-02
1.918918918918918859e+00
2.317073170731707155e+00
3.926829268292682862e+00
5.562500000000000000e+00
6.451612903225806051e+00
2.236842105263157965e+00
6.500000000000000222e-01
6.900000000000000355e+00
3.444444444444444642e+00
8.536585365853658347e-01
2.853658536585365724e+00
6.064516129032258007e+00
3.794117647058823373e+00
5.299999999999999822e+00
1.846153846153846256e+00
4.388888888888889284e+00
1.810810810810810745e+00
8.074074074074074403e+00
1.973684210526315708e+00
-3.243902439024390461e+00
7.187500000000000000e+00
6.285714285714285587e+00
-5.142857142857142350e-01
-5.633333333333333748e+00
-7.073170731707316694e-01
1.487804878048780477e+00
1.399999999999999911e+00
8.571428571428570953e-01
3.756756756756756577e+00
-2.600000000000000089e+00
-2.299999999999999822e+00
7.941176470588234837e-01
2.552631578947368585e+00
-4.757575757575757791e+00
5.722222222222222321e+00
4.147058823529412130e+00
3.111111111111111160e+00
4.586206896551724199e+00
2.000000000000000000e+00
-5.552631578947368141e+00
-2.000000000000000000e+00
-4.750000000000000000e+00
-5.766666666666666607e+00
3.000000000000000000e+00
2.891891891891892108e+00
4.735294117647058876e+00
1.682926829268292623e+00
7.692307692307692735e-01
-3.000000000000000000e+00
1.439024390243902385e+00
4.657894736842105310e+00
4.735294117647058876e+00
-3.428571428571428603e-01
5.750000000000000000e+00
-4.146341463414633943e-01
9.142857142857142572e-01
8.571428571428571175e+00
-4.594594594594594850e-01
5.357142857142856762e+00
-6.500000000000000222e-01
-4.500000000000000111e-01
5.714285714285713969e-01
1.236842105263157965e+00
6.285714285714285587e+00
2.049999999999999822e+00
-6.875000000000000000e+00
1.025641025641025605e-01
-6.676470588235294379e+00
-3.432432432432432456e+00
-1.236842105263157965e+00
-1.777777777777777679e+00
2.027027027027027195e+00
-3.500000000000000000e+00
-3.944444444444444642e+00
-7.071428571428571175e+00
2.382352941176470562e+00
-2.184210526315789380e+00
5.062500000000000000e+00
3.942857142857143060e+00
0.000000000000000000e+00
5.999999999999999778e-01
6.517241379310345195e+00
5.558823529411764497e+00
1.649999999999999911e+00
5.965517241379310498e+00
3.181818181818181657e+00
5.303030303030302761e+00
1.970588235294117752e+00
2.902439024390243816e+00
4.102564102564102422e-01
-6.317073170731707599e+00
-1.323529411764705843e+00
-6.052631578947368363e-01
-4.903225806451612989e+00
3.897435897435897356e+00
6.709677419354838968e+00
-2.131578947368421240e+00
-7.222222222222222099e-01
1.589743589743589647e+00
3.277777777777777679e+00
-3.897435897435897356e+00
4.205882352941176627e+00
-1.026315789473684292e+00
-1.682926829268292623e+00
-5.000000000000000000e-01
3.264705882352941124e+00
-4.615384615384615641e-01
4.875000000000000000e+00
-9.743589743589743390e-01
-9.444444444444444198e-01
1.750000000000000000e+00
3.828571428571428736e+00
5.166666666666666963e+00
1.257142857142857117e+00
2.432432432432432567e-01
-1.300000000000000044e+00
6.312500000000000000e+00
2.871794871794871806e+00
1.676470588235294157e+00
4.437500000000000000e+00
3.763157894736842035e+00
3.714285714285714413e+00
-6.666666666666666297e-01
-2.268292682926829062e+00
3.735294117647058876e+00
1.341463414634146423e+00
2.277777777777777679e+00
1.944444444444444420e+00
6.839999999999999858e+00
2.457142857142857295e+00
1.219512195121951192e-01
7.500000000000000000e+00
8.103448275862069394e+00
1.926829268292682862e+00
4.146341463414633943e-01
1.500000000000000000e+00
-2.393939393939394034e+00
3.499999999999999778e-01
3.394736842105263275e+00
4.322580645161290036e+00
-2.073170731707317138e+00
4.222222222222222321e+00
3.111111111111111160e+00
3.303030303030303205e+00
3.702702702702702631e+00
1.435897435897435903e+00
6.033333333333333215e+00
5.205882352941176627e+00
6.216216216216216006e-01
7.555555555555555358e+00
5.606060606060606410e+00
7.896551724137930606e+00
6.214285714285714413e+00
4.193548387096774022e+00
-8.157894736842105088e-01
1.926829268292682862e+00
4.818181818181818343e+00
-8.717948717948718063e-01
5.896551724137930606e+00
1.548387096774193505e+00
7.269230769230769162e+00
-5.121951219512195230e-01
5.641025641025640969e-01
-1.000000000000000056e-01
4.125000000000000000e+00
-1.384615384615384581e+00
-1.500000000000000000e+00
1.812500000000000000e+00
5.206896551724137900e+00
4.433333333333333570e+00
7.200000000000000178e+00
3.025641025641025550e+00
-6.999999999999999556e-01
6.500000000000000000e+00
8.142857142857142350e+00
1.500000000000000000e+00
6.258064516129032029e+00
4.970588235294117752e+00
5.363636363636363313e+00
2.375000000000000000e+00
8.580645161290322065e+00
4.433333333333333570e+00
1.025641025641025605e-01
5.062500000000000000e+00
1.888888888888888840e+00
2.971428571428571530e+00
6.382352941176471006e+00
1.011999999999999922e+01
2.833333333333333481e+00
7.269230769230769162e+00
8.241379310344827402e+00
-3.076923076923077094e-01
4.562500000000000000e+00
5.970588235294117752e+00
4.757575757575757791e+00
7.181818181818181657e+00
3.264705882352941124e+00
7.750000000000000000e+00
1.538461538461538547e+00
4.875000000000000000e+00
4.545454545454545303e-01
6.029411764705882248e+00
4.700000000000000178e+00
5.483870967741935054e+00
2.365853658536585247e+00
-1.500000000000000000e+00
2.272727272727272929e+00
1.794871794871794934e+00
7.290322580645161032e+00
7.111111111111110716e+00
4.666666666666666963e+00
2.049999999999999822e+00
-6.571428571428571175e+00
6.296296296296296724e+00
5.000000000000000000e-01
5.857142857142856762e+00
-5.609756097560976151e-01
8.428571428571428825e+00
-1.131578947368421018e+00
1.363636363636363535e+00
-4.054054054054054279e-01
3.078947368421052655e+00
8.048780487804878536e-01
3.918918918918918859e+00
6.299999999999999822e+00
5.625000000000000000e+00
