6.482000000000000000e+03
5.843000000000000000e+03
4.624000000000000000e+03
5.176000000000000000e+03
6.105000000000000000e+03
7.094000000000000000e+03
8.771000000000000000e+03
7.838000000000000000e+03
8.373000000000000000e+03
8.486000000000000000e+03
7.924000000000000000e+03
5.248000000000000000e+03
8.720000000000000000e+03
8.334000000000000000e+03
7.991000000000000000e+03
8.093000000000000000e+03
6.532000000000000000e+03
8.288000000000000000e+03
6.935000000000000000e+03
9.150000000000000000e+03
7.938000000000000000e+03
7.672000000000000000e+03
9.341000000000000000e+03
7.167000000000000000e+03
8.466000000000000000e+03
6.274000000000000000e+03
6.727000000000000000e+03
8.766000000000000000e+03
7.605000000000000000e+03
5.695000000000000000e+03
5.739000000000000000e+03
7.657000000000000000e+03
8.275000000000000000e+03
7.065000000000000000e+03
7.500000000000000000e+03
9.821000000000000000e+03
6.745000000000000000e+03
7.147000000000000000e+03
6.786000000000000000e+03
7.059000000000000000e+03
7.709000000000000000e+03
8.195000000000000000e+03
6.842000000000000000e+03
7.056000000000000000e+03
7.274000000000000000e+03
8.625000000000000000e+03
8.076000000000000000e+03
7.565000000000000000e+03
7.030000000000000000e+03
9.943000000000000000e+03
8.573000000000000000e+03
7.671000000000000000e+03
7.661000000000000000e+03
5.988000000000000000e+03
5.250000000000000000e+03
8.802000000000000000e+03
7.890000000000000000e+03
7.028000000000000000e+03
7.083000000000000000e+03
7.674000000000000000e+03
7.814000000000000000e+03
6.045000000000000000e+03
7.628000000000000000e+03
7.298000000000000000e+03
6.640000000000000000e+03
5.121000000000000000e+03
5.715000000000000000e+03
7.172000000000000000e+03
6.652000000000000000e+03
6.569000000000000000e+03
7.623000000000000000e+03
6.447000000000000000e+03
8.541000000000000000e+03
6.315000000000000000e+03
6.466000000000000000e+03
6.915000000000000000e+03
7.246000000000000000e+03
8.354000000000000000e+03
7.698000000000000000e+03
8.659000000000000000e+03
6.678000000000000000e+03
6.564000000000000000e+03
7.618000000000000000e+03
4.913000000000000000e+03
6.312000000000000000e+03
6.061000000000000000e+03
7.308000000000000000e+03
6.674000000000000000e+03
6.637000000000000000e+03
5.343000000000000000e+03
5.686000000000000000e+03
7.529000000000000000e+03
6.895000000000000000e+03
6.991000000000000000e+03
5.858000000000000000e+03
8.222000000000000000e+03
4.848000000000000000e+03
8.614000000000000000e+03
7.030000000000000000e+03
8.351000000000000000e+03
8.870000000000000000e+03
7.808000000000000000e+03
7.123000000000000000e+03
8.732000000000000000e+03
9.255000000000000000e+03
6.916000000000000000e+03
8.285000000000000000e+03
8.393000000000000000e+03
7.428000000000000000e+03
7.551000000000000000e+03
6.051000000000000000e+03
8.507000000000000000e+03
7.146000000000000000e+03
9.401000000000000000e+03
7.509000000000000000e+03
6.390000000000000000e+03
6.268000000000000000e+03
8.394000000000000000e+03
8.976000000000000000e+03
6.752000000000000000e+03
9.020000000000000000e+03
8.182000000000000000e+03
6.397000000000000000e+03
7.957000000000000000e+03
1.003900000000000000e+04
8.522000000000000000e+03
6.763000000000000000e+03
5.959000000000000000e+03
7.697000000000000000e+03
6.523000000000000000e+03
5.190000000000000000e+03
7.079000000000000000e+03
8.014000000000000000e+03
8.450000000000000000e+03
6.723000000000000000e+03
7.356000000000000000e+03
7.300000000000000000e+03
6.774000000000000000e+03
8.434000000000000000e+03
7.217000000000000000e+03
7.051000000000000000e+03
6.830000000000000000e+03
5.964000000000000000e+03
8.710000000000000000e+03
7.951000000000000000e+03
8.000000000000000000e+03
6.099000000000000000e+03
7.281000000000000000e+03
6.070000000000000000e+03
6.546000000000000000e+03
7.614000000000000000e+03
5.698000000000000000e+03
5.705000000000000000e+03
8.026000000000000000e+03
6.207000000000000000e+03
6.870000000000000000e+03
8.327000000000000000e+03
6.668000000000000000e+03
6.326000000000000000e+03
7.987000000000000000e+03
4.536000000000000000e+03
5.948000000000000000e+03
6.820000000000000000e+03
7.251000000000000000e+03
6.391000000000000000e+03
5.887000000000000000e+03
8.485000000000000000e+03
7.933000000000000000e+03
5.304000000000000000e+03
6.873000000000000000e+03
6.574000000000000000e+03
7.672000000000000000e+03
6.621000000000000000e+03
7.873000000000000000e+03
7.632000000000000000e+03
7.497000000000000000e+03
5.103000000000000000e+03
7.464000000000000000e+03
5.227000000000000000e+03
6.783000000000000000e+03
8.439000000000000000e+03
8.030000000000000000e+03
8.284000000000000000e+03
6.365000000000000000e+03
7.486000000000000000e+03
6.517000000000000000e+03
6.671000000000000000e+03
7.992000000000000000e+03
8.475000000000000000e+03
6.902000000000000000e+03
7.906000000000000000e+03
7.506000000000000000e+03
8.230000000000000000e+03
7.598000000000000000e+03
7.064000000000000000e+03
7.405000000000000000e+03
7.926000000000000000e+03
7.420000000000000000e+03
6.270000000000000000e+03
8.514000000000000000e+03
6.412000000000000000e+03
8.622000000000000000e+03
6.638000000000000000e+03
7.064000000000000000e+03
7.829000000000000000e+03
6.994000000000000000e+03
6.750000000000000000e+03
7.255000000000000000e+03
5.280000000000000000e+03
7.970000000000000000e+03
6.941000000000000000e+03
8.209000000000000000e+03
6.182000000000000000e+03
6.144000000000000000e+03
8.391000000000000000e+03
7.751000000000000000e+03
6.499000000000000000e+03
6.448000000000000000e+03
4.575000000000000000e+03
7.430000000000000000e+03
6.438000000000000000e+03
7.068000000000000000e+03
6.996000000000000000e+03
7.908000000000000000e+03
8.633000000000000000e+03
5.870000000000000000e+03
7.847000000000000000e+03
7.326000000000000000e+03
5.888000000000000000e+03
6.927000000000000000e+03
6.475000000000000000e+03
6.827000000000000000e+03
6.004000000000000000e+03
6.787000000000000000e+03
7.868000000000000000e+03
7.490000000000000000e+03
6.067000000000000000e+03
5.272000000000000000e+03
7.556000000000000000e+03
6.101000000000000000e+03
6.422000000000000000e+03
7.544000000000000000e+03
6.960000000000000000e+03
8.785000000000000000e+03
6.120000000000000000e+03
8.683000000000000000e+03
7.301000000000000000e+03
7.905000000000000000e+03
7.136000000000000000e+03
9.260000000000000000e+03
7.324000000000000000e+03
5.009000000000000000e+03
6.627000000000000000e+03
6.928000000000000000e+03
8.020000000000000000e+03
6.963000000000000000e+03
6.982000000000000000e+03
6.595000000000000000e+03
6.815000000000000000e+03
6.400000000000000000e+03
5.410000000000000000e+03
7.144000000000000000e+03
5.521000000000000000e+03
7.147000000000000000e+03
7.522000000000000000e+03
6.605000000000000000e+03
8.577000000000000000e+03
6.383000000000000000e+03
6.465000000000000000e+03
6.156000000000000000e+03
7.298000000000000000e+03
6.111000000000000000e+03
6.898000000000000000e+03
6.977000000000000000e+03
6.239000000000000000e+03
8.057000000000000000e+03
5.957000000000000000e+03
7.391000000000000000e+03
8.810000000000000000e+03
5.507000000000000000e+03
7.597000000000000000e+03
8.216000000000000000e+03
6.811000000000000000e+03
7.193000000000000000e+03
7.684000000000000000e+03
7.811000000000000000e+03
5.133000000000000000e+03
5.931000000000000000e+03
5.318000000000000000e+03
8.307000000000000000e+03
7.455000000000000000e+03
7.797000000000000000e+03
7.363000000000000000e+03
7.614000000000000000e+03
6.533000000000000000e+03
8.975000000000000000e+03
6.534000000000000000e+03
6.032000000000000000e+03
7.993000000000000000e+03
7.377000000000000000e+03
7.236000000000000000e+03
7.632000000000000000e+03
7.002000000000000000e+03
8.611000000000000000e+03
7.491000000000000000e+03
8.335000000000000000e+03
7.507000000000000000e+03
6.785000000000000000e+03
7.820000000000000000e+03
7.307000000000000000e+03
7.582000000000000000e+03
7.784000000000000000e+03
8.038000000000000000e+03
6.301000000000000000e+03
5.997000000000000000e+03
6.422000000000000000e+03
6.968000000000000000e+03
8.161000000000000000e+03
7.770000000000000000e+03
6.844000000000000000e+03
8.857000000000000000e+03
7.725000000000000000e+03
7.638000000000000000e+03
5.843000000000000000e+03
6.518000000000000000e+03
7.399000000000000000e+03
6.660000000000000000e+03
6.556000000000000000e+03
9.478000000000000000e+03
8.724000000000000000e+03
6.986000000000000000e+03
6.828000000000000000e+03
8.314000000000000000e+03
7.988000000000000000e+03
6.069000000000000000e+03
9.212000000000000000e+03
7.629000000000000000e+03
8.717000000000000000e+03
7.725000000000000000e+03
8.554000000000000000e+03
7.476000000000000000e+03
5.621000000000000000e+03
8.211000000000000000e+03
7.297000000000000000e+03
6.271000000000000000e+03
5.921000000000000000e+03
6.184000000000000000e+03
6.771000000000000000e+03
7.914000000000000000e+03
7.403000000000000000e+03
9.688000000000000000e+03
7.478000000000000000e+03
8.737000000000000000e+03
6.257000000000000000e+03
6.866000000000000000e+03
6.557000000000000000e+03
8.101000000000000000e+03
9.194000000000000000e+03
7.428000000000000000e+03
6.319000000000000000e+03
6.801000000000000000e+03
8.193000000000000000e+03
6.931000000000000000e+03
5.776000000000000000e+03
7.517000000000000000e+03
7.873000000000000000e+03
8.171000000000000000e+03
7.846000000000000000e+03
5.587000000000000000e+03
6.479000000000000000e+03
7.622000000000000000e+03
7.370000000000000000e+03
7.383000000000000000e+03
9.491000000000000000e+03
6.638000000000000000e+03
6.506000000000000000e+03
6.846000000000000000e+03
8.801000000000000000e+03
7.799000000000000000e+03
9.212000000000000000e+03
7.788000000000000000e+03
8.711000000000000000e+03
5.545000000000000000e+03
7.722000000000000000e+03
5.444000000000000000e+03
7.431000000000000000e+03
7.657000000000000000e+03
9.130000000000000000e+03
8.130000000000000000e+03
7.093000000000000000e+03
6.396000000000000000e+03
8.116000000000000000e+03
6.671000000000000000e+03
9.963000000000000000e+03
6.098000000000000000e+03
8.286000000000000000e+03
7.126000000000000000e+03
5.938000000000000000e+03
5.947000000000000000e+03
8.506000000000000000e+03
6.660000000000000000e+03
6.879000000000000000e+03
7.573000000000000000e+03
6.812000000000000000e+03
5.234000000000000000e+03
5.803000000000000000e+03
7.416000000000000000e+03
6.925000000000000000e+03
7.839000000000000000e+03
7.903000000000000000e+03
5.564000000000000000e+03
8.038000000000000000e+03
5.644000000000000000e+03
8.668000000000000000e+03
6.679000000000000000e+03
6.902000000000000000e+03
8.794000000000000000e+03
8.586000000000000000e+03
8.238000000000000000e+03
6.657000000000000000e+03
6.378000000000000000e+03
