8.570000000000000000e+02
8.990000000000000000e+02
1.035000000000000000e+03
8.200000000000000000e+02
1.023000000000000000e+03
1.185000000000000000e+03
1.003000000000000000e+03
1.045000000000000000e+03
7.150000000000000000e+02
1.112000000000000000e+03
1.074000000000000000e+03
9.110000000000000000e+02
9.580000000000000000e+02
6.460000000000000000e+02
7.760000000000000000e+02
1.022000000000000000e+03
9.540000000000000000e+02
1.315000000000000000e+03
1.129000000000000000e+03
1.368000000000000000e+03
1.241000000000000000e+03
1.360000000000000000e+03
1.286000000000000000e+03
1.006000000000000000e+03
1.298000000000000000e+03
1.292000000000000000e+03
1.240000000000000000e+03
1.078000000000000000e+03
2.053000000000000000e+03
1.295000000000000000e+03
1.661000000000000000e+03
1.465000000000000000e+03
2.319000000000000000e+03
1.543000000000000000e+03
1.517000000000000000e+03
2.168000000000000000e+03
1.882000000000000000e+03
1.461000000000000000e+03
2.488000000000000000e+03
2.135000000000000000e+03
2.284000000000000000e+03
2.260000000000000000e+03
1.766000000000000000e+03
1.944000000000000000e+03
2.457000000000000000e+03
2.037000000000000000e+03
2.039000000000000000e+03
2.683000000000000000e+03
2.245000000000000000e+03
2.267000000000000000e+03
2.511000000000000000e+03
2.637000000000000000e+03
2.341000000000000000e+03
2.393000000000000000e+03
2.525000000000000000e+03
3.086000000000000000e+03
3.218000000000000000e+03
2.551000000000000000e+03
3.607000000000000000e+03
3.800000000000000000e+03
3.503000000000000000e+03
3.919000000000000000e+03
3.823000000000000000e+03
4.096000000000000000e+03
3.626000000000000000e+03
4.158000000000000000e+03
3.872000000000000000e+03
5.311000000000000000e+03
3.956000000000000000e+03
2.580000000000000000e+03
4.035000000000000000e+03
3.784000000000000000e+03
3.313000000000000000e+03
6.314000000000000000e+03
5.434000000000000000e+03
5.412000000000000000e+03
4.431000000000000000e+03
4.978000000000000000e+03
7.014000000000000000e+03
5.597000000000000000e+03
6.863000000000000000e+03
5.790000000000000000e+03
6.998000000000000000e+03
6.666000000000000000e+03
5.990000000000000000e+03
6.708000000000000000e+03
7.719000000000000000e+03
7.664000000000000000e+03
9.368000000000000000e+03
6.946000000000000000e+03
5.244000000000000000e+03
7.276000000000000000e+03
6.959000000000000000e+03
8.363000000000000000e+03
6.950000000000000000e+03
9.066000000000000000e+03
7.882000000000000000e+03
9.929000000000000000e+03
7.831000000000000000e+03
8.862000000000000000e+03
7.618000000000000000e+03
6.173000000000000000e+03
7.983000000000000000e+03
8.661000000000000000e+03
7.552000000000000000e+03
7.994000000000000000e+03
7.924000000000000000e+03
1.065000000000000000e+04
7.228000000000000000e+03
1.069800000000000000e+04
6.306000000000000000e+03
9.784000000000000000e+03
7.129000000000000000e+03
1.032600000000000000e+04
9.994000000000000000e+03
1.031800000000000000e+04
1.164500000000000000e+04
9.484000000000000000e+03
1.034900000000000000e+04
7.708000000000000000e+03
9.746000000000000000e+03
9.455000000000000000e+03
1.141400000000000000e+04
1.015800000000000000e+04
1.021800000000000000e+04
1.121200000000000000e+04
9.620000000000000000e+03
8.096000000000000000e+03
7.786000000000000000e+03
7.965000000000000000e+03
6.939000000000000000e+03
9.283000000000000000e+03
1.234900000000000000e+04
1.047600000000000000e+04
7.837000000000000000e+03
9.304000000000000000e+03
5.875000000000000000e+03
1.022400000000000000e+04
9.972000000000000000e+03
6.039000000000000000e+03
1.018500000000000000e+04
1.005200000000000000e+04
8.297000000000000000e+03
8.983000000000000000e+03
1.269400000000000000e+04
1.001100000000000000e+04
8.454000000000000000e+03
1.102800000000000000e+04
1.115800000000000000e+04
9.261000000000000000e+03
7.593000000000000000e+03
9.120000000000000000e+03
1.165900000000000000e+04
9.300000000000000000e+03
9.479000000000000000e+03
1.019800000000000000e+04
7.604000000000000000e+03
8.308000000000000000e+03
9.700000000000000000e+03
7.789000000000000000e+03
1.066600000000000000e+04
1.228400000000000000e+04
9.461000000000000000e+03
9.473000000000000000e+03
7.934000000000000000e+03
9.073000000000000000e+03
7.116000000000000000e+03
9.143000000000000000e+03
7.539000000000000000e+03
6.557000000000000000e+03
7.548000000000000000e+03
8.646000000000000000e+03
9.166000000000000000e+03
8.759000000000000000e+03
9.123000000000000000e+03
8.730000000000000000e+03
5.543000000000000000e+03
8.526000000000000000e+03
8.537000000000000000e+03
9.219000000000000000e+03
8.590000000000000000e+03
7.013000000000000000e+03
8.578000000000000000e+03
7.748000000000000000e+03
8.282000000000000000e+03
8.077000000000000000e+03
1.038100000000000000e+04
8.869000000000000000e+03
7.898000000000000000e+03
8.784000000000000000e+03
6.888000000000000000e+03
8.671000000000000000e+03
6.677000000000000000e+03
8.045000000000000000e+03
7.193000000000000000e+03
8.715000000000000000e+03
8.298000000000000000e+03
8.455000000000000000e+03
9.005000000000000000e+03
1.065900000000000000e+04
6.887000000000000000e+03
8.212000000000000000e+03
5.736000000000000000e+03
6.981000000000000000e+03
9.511000000000000000e+03
7.808000000000000000e+03
7.526000000000000000e+03
8.376000000000000000e+03
7.059000000000000000e+03
8.522000000000000000e+03
7.110000000000000000e+03
8.807000000000000000e+03
7.168000000000000000e+03
9.209000000000000000e+03
9.404000000000000000e+03
8.200000000000000000e+03
1.017200000000000000e+04
8.706000000000000000e+03
6.433000000000000000e+03
7.703000000000000000e+03
7.920000000000000000e+03
7.123000000000000000e+03
6.635000000000000000e+03
4.338000000000000000e+03
5.728000000000000000e+03
6.269000000000000000e+03
7.605000000000000000e+03
6.620000000000000000e+03
7.266000000000000000e+03
8.421000000000000000e+03
6.913000000000000000e+03
7.464000000000000000e+03
5.950000000000000000e+03
7.454000000000000000e+03
5.514000000000000000e+03
7.282000000000000000e+03
8.000000000000000000e+03
7.703000000000000000e+03
6.971000000000000000e+03
8.690000000000000000e+03
5.310000000000000000e+03
7.644000000000000000e+03
7.919000000000000000e+03
7.589000000000000000e+03
8.275000000000000000e+03
7.748000000000000000e+03
6.128000000000000000e+03
9.256000000000000000e+03
6.282000000000000000e+03
8.033000000000000000e+03
7.928000000000000000e+03
7.072000000000000000e+03
5.978000000000000000e+03
7.455000000000000000e+03
7.478000000000000000e+03
8.190000000000000000e+03
6.735000000000000000e+03
7.618000000000000000e+03
7.756000000000000000e+03
7.347000000000000000e+03
5.865000000000000000e+03
8.427000000000000000e+03
7.361000000000000000e+03
9.693000000000000000e+03
6.328000000000000000e+03
6.985000000000000000e+03
6.695000000000000000e+03
7.333000000000000000e+03
7.062000000000000000e+03
6.584000000000000000e+03
6.347000000000000000e+03
6.705000000000000000e+03
6.695000000000000000e+03
8.268000000000000000e+03
7.002000000000000000e+03
6.299000000000000000e+03
8.123000000000000000e+03
6.037000000000000000e+03
6.850000000000000000e+03
6.622000000000000000e+03
7.202000000000000000e+03
5.972000000000000000e+03
6.216000000000000000e+03
6.149000000000000000e+03
5.532000000000000000e+03
7.242000000000000000e+03
6.370000000000000000e+03
4.507000000000000000e+03
6.248000000000000000e+03
5.779000000000000000e+03
8.070000000000000000e+03
7.003000000000000000e+03
7.195000000000000000e+03
7.964000000000000000e+03
5.744000000000000000e+03
6.092000000000000000e+03
8.347000000000000000e+03
5.627000000000000000e+03
6.128000000000000000e+03
6.613000000000000000e+03
9.213000000000000000e+03
7.941000000000000000e+03
6.218000000000000000e+03
8.439000000000000000e+03
5.941000000000000000e+03
6.087000000000000000e+03
6.986000000000000000e+03
6.063000000000000000e+03
4.882000000000000000e+03
8.351000000000000000e+03
6.748000000000000000e+03
6.889000000000000000e+03
7.107000000000000000e+03
7.606000000000000000e+03
6.240000000000000000e+03
6.831000000000000000e+03
7.858000000000000000e+03
7.962000000000000000e+03
7.017000000000000000e+03
6.521000000000000000e+03
6.561000000000000000e+03
7.745000000000000000e+03
9.055000000000000000e+03
8.320000000000000000e+03
6.589000000000000000e+03
7.025000000000000000e+03
7.757000000000000000e+03
7.918000000000000000e+03
8.991000000000000000e+03
6.273000000000000000e+03
5.954000000000000000e+03
5.278000000000000000e+03
9.116000000000000000e+03
8.077000000000000000e+03
8.555000000000000000e+03
6.128000000000000000e+03
7.349000000000000000e+03
8.892000000000000000e+03
8.500000000000000000e+03
7.145000000000000000e+03
7.674000000000000000e+03
8.337000000000000000e+03
8.147000000000000000e+03
5.168000000000000000e+03
8.318000000000000000e+03
5.538000000000000000e+03
6.816000000000000000e+03
6.895000000000000000e+03
7.815000000000000000e+03
7.549000000000000000e+03
9.007000000000000000e+03
5.973000000000000000e+03
8.759000000000000000e+03
8.078000000000000000e+03
7.534000000000000000e+03
7.782000000000000000e+03
6.581000000000000000e+03
8.734000000000000000e+03
7.531000000000000000e+03
7.912000000000000000e+03
6.565000000000000000e+03
9.319000000000000000e+03
8.691000000000000000e+03
8.044000000000000000e+03
6.599000000000000000e+03
7.774000000000000000e+03
6.594000000000000000e+03
6.790000000000000000e+03
7.937000000000000000e+03
7.203000000000000000e+03
6.801000000000000000e+03
7.369000000000000000e+03
8.468000000000000000e+03
6.181000000000000000e+03
7.754000000000000000e+03
7.887000000000000000e+03
7.944000000000000000e+03
7.131000000000000000e+03
6.670000000000000000e+03
5.690000000000000000e+03
6.484000000000000000e+03
7.699000000000000000e+03
8.132000000000000000e+03
8.329000000000000000e+03
6.817000000000000000e+03
7.987000000000000000e+03
7.839000000000000000e+03
7.712000000000000000e+03
6.707000000000000000e+03
6.063000000000000000e+03
7.994000000000000000e+03
8.463000000000000000e+03
8.142000000000000000e+03
7.770000000000000000e+03
6.717000000000000000e+03
8.402000000000000000e+03
7.490000000000000000e+03
9.981000000000000000e+03
7.226000000000000000e+03
8.089000000000000000e+03
8.162000000000000000e+03
7.256000000000000000e+03
6.342000000000000000e+03
7.888000000000000000e+03
9.893000000000000000e+03
6.414000000000000000e+03
6.892000000000000000e+03
6.808000000000000000e+03
6.546000000000000000e+03
9.786000000000000000e+03
6.677000000000000000e+03
5.853000000000000000e+03
6.397000000000000000e+03
7.811000000000000000e+03
7.417000000000000000e+03
8.597000000000000000e+03
6.586000000000000000e+03
7.261000000000000000e+03
7.213000000000000000e+03
9.531000000000000000e+03
7.185000000000000000e+03
5.018000000000000000e+03
8.259000000000000000e+03
6.298000000000000000e+03
8.134000000000000000e+03
7.701000000000000000e+03
6.587000000000000000e+03
5.988000000000000000e+03
7.007000000000000000e+03
7.899000000000000000e+03
8.063000000000000000e+03
9.684000000000000000e+03
6.878000000000000000e+03
6.571000000000000000e+03
9.090000000000000000e+03
6.632000000000000000e+03
7.292000000000000000e+03
7.416000000000000000e+03
7.000000000000000000e+03
8.774000000000000000e+03
8.278000000000000000e+03
6.625000000000000000e+03
7.324000000000000000e+03
6.013000000000000000e+03
7.611000000000000000e+03
8.270000000000000000e+03
8.420000000000000000e+03
5.391000000000000000e+03
6.727000000000000000e+03
6.445000000000000000e+03
7.453000000000000000e+03
7.576000000000000000e+03
7.040000000000000000e+03
1.026700000000000000e+04
5.927000000000000000e+03
7.848000000000000000e+03
9.008000000000000000e+03
7.510000000000000000e+03
7.788000000000000000e+03
7.730000000000000000e+03
8.132000000000000000e+03
9.117000000000000000e+03
8.776000000000000000e+03
7.509000000000000000e+03
7.423000000000000000e+03
7.209000000000000000e+03
6.837000000000000000e+03
8.434000000000000000e+03
8.769000000000000000e+03
4.417000000000000000e+03
6.198000000000000000e+03
8.230000000000000000e+03
7.535000000000000000e+03
7.425000000000000000e+03
7.755000000000000000e+03
7.278000000000000000e+03
5.883000000000000000e+03
6.354000000000000000e+03
7.051000000000000000e+03
5.926000000000000000e+03
7.527000000000000000e+03
8.078000000000000000e+03
8.605000000000000000e+03
6.377000000000000000e+03
7.870000000000000000e+03
7.885000000000000000e+03
7.673000000000000000e+03
9.468000000000000000e+03
7.228000000000000000e+03
8.812000000000000000e+03
7.497000000000000000e+03
6.346000000000000000e+03
9.978000000000000000e+03
8.104000000000000000e+03
6.741000000000000000e+03
7.817000000000000000e+03
7.427000000000000000e+03
5.137000000000000000e+03
7.065000000000000000e+03
6.150000000000000000e+03
8.744000000000000000e+03
6.238000000000000000e+03
6.323000000000000000e+03
7.806000000000000000e+03
8.848000000000000000e+03
7.957000000000000000e+03
6.651000000000000000e+03
9.144000000000000000e+03
7.185000000000000000e+03
8.099000000000000000e+03
5.932000000000000000e+03
8.572000000000000000e+03
7.734000000000000000e+03
8.008000000000000000e+03
7.394000000000000000e+03
6.730000000000000000e+03
9.502000000000000000e+03
7.523000000000000000e+03
8.584000000000000000e+03
8.147000000000000000e+03
6.179000000000000000e+03
7.428000000000000000e+03
8.055000000000000000e+03
6.038000000000000000e+03
6.354000000000000000e+03
6.466000000000000000e+03
7.365000000000000000e+03
8.617000000000000000e+03
7.184000000000000000e+03
8.842000000000000000e+03
7.691000000000000000e+03
6.892000000000000000e+03
8.462000000000000000e+03
6.945000000000000000e+03
7.971000000000000000e+03
7.660000000000000000e+03
6.022000000000000000e+03
6.772000000000000000e+03
9.721000000000000000e+03
7.521000000000000000e+03
5.677000000000000000e+03
6.629000000000000000e+03
7.009000000000000000e+03
6.708000000000000000e+03
7.012000000000000000e+03
6.800000000000000000e+03
7.700000000000000000e+03
7.375000000000000000e+03
7.886000000000000000e+03
8.775000000000000000e+03
8.375000000000000000e+03
7.874000000000000000e+03
8.181000000000000000e+03
8.066000000000000000e+03
7.859000000000000000e+03
7.458000000000000000e+03
8.264000000000000000e+03
8.367000000000000000e+03
8.329000000000000000e+03
6.262000000000000000e+03
7.521000000000000000e+03
5.194000000000000000e+03
5.810000000000000000e+03
5.822000000000000000e+03
7.669000000000000000e+03
7.900000000000000000e+03
8.008000000000000000e+03
9.071000000000000000e+03
8.207000000000000000e+03
6.250000000000000000e+03
7.442000000000000000e+03
6.771000000000000000e+03
9.082000000000000000e+03
8.267000000000000000e+03
6.485000000000000000e+03
8.686000000000000000e+03
6.547000000000000000e+03
9.019000000000000000e+03
6.205000000000000000e+03
7.228000000000000000e+03
6.503000000000000000e+03
7.147000000000000000e+03
7.155000000000000000e+03
8.118000000000000000e+03
9.223000000000000000e+03
5.815000000000000000e+03
9.787000000000000000e+03
5.807000000000000000e+03
8.609000000000000000e+03
7.783000000000000000e+03
7.562000000000000000e+03
8.870000000000000000e+03
5.467000000000000000e+03
7.153000000000000000e+03
8.348000000000000000e+03
5.141000000000000000e+03
6.078000000000000000e+03
5.872000000000000000e+03
5.572000000000000000e+03
6.898000000000000000e+03
6.002000000000000000e+03
9.234000000000000000e+03
8.144000000000000000e+03
7.242000000000000000e+03
7.246000000000000000e+03
5.645000000000000000e+03
6.917000000000000000e+03
7.924000000000000000e+03
8.348000000000000000e+03
7.038000000000000000e+03
7.000000000000000000e+03
7.334000000000000000e+03
7.269000000000000000e+03
8.064000000000000000e+03
7.256000000000000000e+03
5.377000000000000000e+03
8.548000000000000000e+03
6.702000000000000000e+03
6.558000000000000000e+03
8.258000000000000000e+03
4.859000000000000000e+03
5.478000000000000000e+03
6.743000000000000000e+03
6.855000000000000000e+03
5.996000000000000000e+03
7.187000000000000000e+03
6.634000000000000000e+03
7.338000000000000000e+03
6.236000000000000000e+03
8.838000000000000000e+03
7.724000000000000000e+03
6.846000000000000000e+03
8.062000000000000000e+03
8.551000000000000000e+03
7.178000000000000000e+03
5.806000000000000000e+03
7.743000000000000000e+03
7.305000000000000000e+03
6.461000000000000000e+03
7.804000000000000000e+03
8.843000000000000000e+03
8.822000000000000000e+03
6.207000000000000000e+03
6.615000000000000000e+03
6.026000000000000000e+03
6.864000000000000000e+03
1.004700000000000000e+04
7.385000000000000000e+03
7.377000000000000000e+03
7.499000000000000000e+03
5.696000000000000000e+03
7.673000000000000000e+03
6.870000000000000000e+03
6.776000000000000000e+03
6.960000000000000000e+03
6.771000000000000000e+03
8.724000000000000000e+03
6.433000000000000000e+03
7.584000000000000000e+03
8.717000000000000000e+03
7.934000000000000000e+03
6.138000000000000000e+03
7.509000000000000000e+03
5.777000000000000000e+03
7.395000000000000000e+03
7.871000000000000000e+03
9.283000000000000000e+03
5.856000000000000000e+03
8.457000000000000000e+03
7.807000000000000000e+03
6.208000000000000000e+03
6.370000000000000000e+03
7.517000000000000000e+03
6.201000000000000000e+03
5.902000000000000000e+03
8.391000000000000000e+03
8.153000000000000000e+03
6.357000000000000000e+03
5.303000000000000000e+03
5.394000000000000000e+03
6.535000000000000000e+03
5.961000000000000000e+03
7.401000000000000000e+03
5.982000000000000000e+03
6.355000000000000000e+03
6.128000000000000000e+03
6.857000000000000000e+03
7.845000000000000000e+03
8.159000000000000000e+03
5.524000000000000000e+03
6.973000000000000000e+03
6.001000000000000000e+03
6.732000000000000000e+03
8.556000000000000000e+03
6.311000000000000000e+03
8.255000000000000000e+03
6.675000000000000000e+03
6.366000000000000000e+03
8.004000000000000000e+03
6.368000000000000000e+03
6.236000000000000000e+03
8.355000000000000000e+03
5.088000000000000000e+03
8.454000000000000000e+03
6.562000000000000000e+03
7.827000000000000000e+03
8.354000000000000000e+03
5.767000000000000000e+03
8.581000000000000000e+03
7.709000000000000000e+03
5.559000000000000000e+03
6.946000000000000000e+03
8.642000000000000000e+03
9.648000000000000000e+03
7.540000000000000000e+03
5.667000000000000000e+03
5.912000000000000000e+03
7.775000000000000000e+03
7.169000000000000000e+03
8.139000000000000000e+03
7.142000000000000000e+03
7.260000000000000000e+03
7.985000000000000000e+03
7.779000000000000000e+03
7.334000000000000000e+03
8.461000000000000000e+03
7.887000000000000000e+03
8.290000000000000000e+03
5.534000000000000000e+03
6.094000000000000000e+03
7.723000000000000000e+03
6.571000000000000000e+03
7.887000000000000000e+03
8.010000000000000000e+03
6.862000000000000000e+03
6.690000000000000000e+03
8.239000000000000000e+03
8.160000000000000000e+03
7.435000000000000000e+03
6.652000000000000000e+03
9.196000000000000000e+03
8.473000000000000000e+03
6.196000000000000000e+03
6.547000000000000000e+03
8.791000000000000000e+03
6.613000000000000000e+03
7.456000000000000000e+03
7.094000000000000000e+03
6.870000000000000000e+03
8.364000000000000000e+03
7.829000000000000000e+03
7.186000000000000000e+03
4.715000000000000000e+03
6.986000000000000000e+03
8.367000000000000000e+03
6.687000000000000000e+03
7.728000000000000000e+03
7.016000000000000000e+03
5.878000000000000000e+03
6.085000000000000000e+03
7.959000000000000000e+03
7.114000000000000000e+03
7.477000000000000000e+03
7.551000000000000000e+03
5.092000000000000000e+03
3.501000000000000000e+03
6.952000000000000000e+03
8.603000000000000000e+03
8.967000000000000000e+03
7.117000000000000000e+03
6.182000000000000000e+03
6.428000000000000000e+03
7.943000000000000000e+03
7.316000000000000000e+03
5.921000000000000000e+03
8.181000000000000000e+03
6.546000000000000000e+03
8.839000000000000000e+03
7.435000000000000000e+03
8.127000000000000000e+03
6.714000000000000000e+03
7.200000000000000000e+03
6.523000000000000000e+03
7.582000000000000000e+03
6.396000000000000000e+03
7.041000000000000000e+03
5.720000000000000000e+03
6.821000000000000000e+03
7.666000000000000000e+03
6.582000000000000000e+03
9.719000000000000000e+03
7.940000000000000000e+03
7.486000000000000000e+03
6.952000000000000000e+03
8.215000000000000000e+03
6.914000000000000000e+03
6.210000000000000000e+03
9.160000000000000000e+03
5.279000000000000000e+03
7.370000000000000000e+03
9.337000000000000000e+03
6.341000000000000000e+03
6.729000000000000000e+03
6.108000000000000000e+03
7.722000000000000000e+03
8.705000000000000000e+03
6.507000000000000000e+03
7.301000000000000000e+03
8.421000000000000000e+03
6.931000000000000000e+03
8.583000000000000000e+03
6.253000000000000000e+03
7.297000000000000000e+03
7.632000000000000000e+03
8.396000000000000000e+03
7.396000000000000000e+03
7.157000000000000000e+03
7.348000000000000000e+03
9.257000000000000000e+03
5.849000000000000000e+03
8.720000000000000000e+03
7.559000000000000000e+03
7.470000000000000000e+03
7.682000000000000000e+03
5.892000000000000000e+03
8.312000000000000000e+03
8.208000000000000000e+03
8.704000000000000000e+03
8.956000000000000000e+03
6.754000000000000000e+03
8.493000000000000000e+03
8.974000000000000000e+03
8.735000000000000000e+03
6.729000000000000000e+03
5.341000000000000000e+03
5.854000000000000000e+03
6.745000000000000000e+03
7.453000000000000000e+03
7.030000000000000000e+03
1.022600000000000000e+04
7.836000000000000000e+03
8.227000000000000000e+03
6.525000000000000000e+03
8.356000000000000000e+03
7.654000000000000000e+03
7.430000000000000000e+03
7.474000000000000000e+03
7.744000000000000000e+03
5.926000000000000000e+03
7.844000000000000000e+03
8.508000000000000000e+03
7.810000000000000000e+03
8.958000000000000000e+03
8.258000000000000000e+03
7.972000000000000000e+03
8.638000000000000000e+03
6.342000000000000000e+03
6.475000000000000000e+03
6.755000000000000000e+03
8.055000000000000000e+03
8.851000000000000000e+03
6.507000000000000000e+03
9.742000000000000000e+03
7.907000000000000000e+03
6.912000000000000000e+03
7.702000000000000000e+03
9.014000000000000000e+03
8.781000000000000000e+03
7.080000000000000000e+03
9.153000000000000000e+03
7.003000000000000000e+03
8.977000000000000000e+03
8.014000000000000000e+03
8.161000000000000000e+03
8.323000000000000000e+03
9.014000000000000000e+03
7.811000000000000000e+03
5.824000000000000000e+03
5.793000000000000000e+03
9.711000000000000000e+03
7.951000000000000000e+03
